25
77
00000000000000000000000000000000000000000000000000000000000000000000000000000
00000000000000000000000000000000000000000000000000000000000000000000000000000
00000000000000000000000000000000000000000000000000000000000000000000000000000
00000000000000000000000000000000000000000000000000000000000000000000000000000
00000000000000000000000000000000000000000000000000000000000000000000000000000
00000000000000000001110000000000000000000000000000000000000000000000000000000
00000000000000001110001110000000000000000000000000000000000000000000000000000
00000000000000111100000111100000000000000000000000000000000000000000000000000
00000000000000001110001110000000000000000000000000000000000000000000000000000
00000000000000000001110000000000000000000000000000000000000000000000000000000
00000000000000000000000000000000000000000000000000000000000000000000000000000
00000000000000000000100000000000000000000000000000000000000000000000000000000
00000000000000000000000000000000000000000000000000000000000000000000000000000
00000000000000000000100000000000000000000000000000000000000000000000000000000
00000000000000000000000000000000000000000000000000000000000000000000000000000
00000000000000000001110000000000000000000000000000000000000000000000000000000
00000000000000001110001110000000000000000000000000000000000000000000000000000
00000000000000111100000111100000000000000000000000000000000000000000000000000
00000000000000001110001110000000000000000000000000000000000000000000000000000
00000000000000000001110000000000000000000000000000000000000000000000000000000
00000000000000000000000000000000000000000000000000000000000000000000000000000
00000000000000000000000000000000000000000000000000000000000000000000000000000
00000000000000000000000000000000000000000000000000000000000000000000000000000
00000000000000000000000000000000000000000000000000000000000000000000000000000
00000000000000000000000000000000000000000000000000000000000000000000000000000
