25
77
00000000000000000000000000000000000000000000000000000000000000000000000000000
00000100000000000001000000000000010000000000000100000000000001000000000000000
00000010000000000000100000000000001000000000000010000000000000100000000000000
00001110000000000011100000000000111000000000001110000000000011100000000000000
00000000000000000000000000000000000000000000000000000000000000000000000000000
00000000000000000000000000000000000000000000000000000000000000000000000000000
00000000000000000000000000000000000000000000000000000000000000000000000000000
00000000000000000000000000000000000000000000000000000000000000000000000000000
00000100000000000001000000000000010000000000000100000000000001000000000000000
00000010000000000000100000000000001000000000000010000000000000100000000000000
00001110000000000011100000000000111000000000001110000000000011100000000000000
00000000000000000000000000000000000000000000000000000000000000000000000000000
00000000000000000000000000000000000000000000000000000000000000000000000000000
00000000000000000000000000000000000000000000000000000000000000000000000000000
00000000000000000000000000000000000000000000000000000000000000000000000000000
00000100000000000001000000000000010000000000000100000000000001000000000000000
00000010000000000000100000000000001000000000000010000000000000100000000000000
00001110000000000011100000000000111000000000001110000000000011100000000000000
00000000000000000000000000000000000000000000000000000000000000000000000000000
00000000000000000000000000000000000000000000000000000000000000000000000000000
00000000000000000000000000000000000000000000000000000000000000000000000000000
00000000000000000000000000000000000000000000000000000000000000000000000000000
00000100000000000001000000000000010000000000000100000000000001000000000000000
00000010000000000000100000000000001000000000000010000000000000100000000000000
00001110000000000011100000000000111000000000001110000000000011100000000000000
